1|1|1|13|3139477|0|Patrick Mahomes|QB|280.2|0|16
2|1|2|14|4040715|0|Jalen Hurts|QB|356.8|0|17
3|1|3|8|4262921|0|Justin Jefferson|WR|202.2|0|10
4|1|4|2|3918298|0|Josh Allen|QB|392.6|0|17
5|1|5|12|3916387|0|Lamar Jackson|QB|331.2|0|16
6|1|6|6|3117251|0|Christian McCaffrey|RB|391.3|0|16
7|1|7|11|3915511|0|Joe Burrow|QB|147.2|0|10
8|1|8|5|4362628|0|Ja'Marr Chase|WR|262.7|0|16
9|1|9|9|15847|0|Travis Kelce|TE|219.4|0|15
10|1|10|7|3116406|0|Tyreek Hill|WR|376.4|0|16
11|1|11|1|16800|0|Davante Adams|WR|265.4|0|17
12|1|12|4|2976212|0|Stefon Diggs|WR|273.8|0|17
13|2|1|4|4362887|0|Justin Fields|QB|230.2|0|13
14|2|2|1|4374302|0|Amon-Ra St. Brown|WR|330.9|242.1|16
15|2|3|7|4038941|0|Justin Herbert|QB|234.2|0|13
16|2|4|9|3068267|0|Austin Ekeler|RB|185.4|0|14
17|2|5|5|4241389|0|CeeDee Lamb|WR|403.2|0|17
18|2|6|11|3043078|0|Derrick Henry|RB|246.7|0|17
19|2|7|6|2977187|0|Cooper Kupp|WR|164.4|0|12
20|2|8|12|3128720|0|Nick Chubb|RB|23.1|0|2
21|2|9|2|3929630|0|Saquon Barkley|RB|223.2|0|14
22|2|10|8|3122840|0|Deshaun Watson|QB|86.8|0|6
23|2|11|14|4360310|0|Trevor Lawrence|QB|262.5|0|16
24|2|12|13|4367209|0|Greg Dulcich|TE|5.5|0|2
25|3|1|13|4430807|0|Bijan Robinson|RB|246.3|0|17
26|3|2|14|3916148|0|Tony Pollard|RB|222.6|0|17
27|3|3|8|14880|0|Kirk Cousins|QB|149.7|0|8
28|3|4|2|4047646|0|A.J. Brown|WR|289.6|0|17
29|3|5|12|4047365|0|Josh Jacobs|RB|181.1|0|13
30|3|6|6|3917792|0|Daniel Jones|QB|57|0|6
31|3|7|11|4569618|0|Garrett Wilson|WR|213.2|250.1|17
32|3|8|5|2577417|0|Dak Prescott|QB|342.8|0|17
33|3|9|9|3116385|0|Joe Mixon|RB|267|0|17
34|3|10|7|4241479|0|Tua Tagovailoa|QB|270.4|0|17
35|3|11|1|4372016|0|Jaylen Waddle|WR|198.6|0|14
36|3|12|4|4361370|0|Chris Olave|WR|231.3|221|16
37|4|1|4|4241478|0|DeVonta Smith|WR|227.6|0|16
38|4|2|1|3925357|0|Calvin Ridley|WR|229.9|0|17
39|4|3|7|4241457|0|Najee Harris|RB|195.5|0|17
40|4|4|9|3126486|0|Deebo Samuel|WR|243.7|0|15
41|4|5|5|8439|0|Aaron Rodgers|QB|0|270.5|1
42|4|6|11|15864|0|Geno Smith|QB|227.3|0|15
43|4|7|6|4239993|0|Tee Higgins|WR|137.6|0|12
44|4|8|12|4047650|0|DK Metcalf|WR|225.4|0|16
45|4|9|2|4239996|0|Travis Etienne Jr.|RB|282.4|0|17
46|4|10|8|4429795|0|Jahmyr Gibbs|RB|242.1|0|15
47|4|11|14|3116365|0|Mark Andrews|TE|135.4|0|10
48|4|12|13|15683|0|Justin Tucker|K|155|146.2|17
49|5|1|13|3055899|0|Harrison Butker|K|153|142.2|17
50|5|2|14|15818|0|Keenan Allen|WR|278.9|0|13
51|5|3|8|4569173|0|Rhamondre Stevenson|RB|145.7|0|12
52|5|4|2|2976499|0|Amari Cooper|WR|227|0|15
53|5|5|12|3915416|0|DJ Moore|WR|286.5|0|17
54|5|6|6|15795|0|DeAndre Hopkins|WR|223.6|0|17
55|5|7|11|4427366|0|Breece Hall|RB|290.5|0|17
56|5|8|5|3042519|0|Aaron Jones|RB|134.9|0|11
57|5|9|9|3932905|0|Diontae Johnson|WR|152.7|0|14
58|5|10|7|4248528|0|Christian Watson|WR|101.3|0|10
59|5|11|1|4429084|0|Anthony Richardson|QB|72.7|0|4
60|5|12|4|4048244|0|Alexander Mattison|RB|133.2|0|16
61|6|1|4|3046779|0|Jared Goff|QB|289.1|0|17
62|6|2|1|14881|0|Russell Wilson|QB|256.9|0|15
63|6|3|7|4360238|0|Dameon Pierce|RB|82.7|0|14
64|6|4|9|4240703|0|Kenny Pickett|QB|110.2|0|12
65|6|5|5|4036133|0|T.J. Hockenson|TE|219|0|15
66|6|6|11|4567048|0|Kenneth Walker III|RB|199.4|0|15
67|6|7|6|3045147|0|James Conner|RB|201.5|0|13
68|6|8|12|4379399|0|James Cook|RB|232.7|0|17
69|6|9|2|4361741|0|Brock Purdy|QB|295.6|0|16
70|6|10|8|3045138|0|Mike Williams|WR|50.2|0|3
71|6|11|14|3116165|0|Chris Godwin|WR|209.2|0|17
72|6|12|13|4241372|0|Marquise Brown|WR|134.7|0|14
73|7|1|13|4426502|0|Drake London|WR|174.4|0|16
74|7|2|14|4045163|0|Miles Sanders|RB|87.6|0|16
75|7|3|8|4697815|0|Rachaad White|RB|267.9|0|17
76|7|4|2|16737|0|Mike Evans|WR|282.5|0|17
77|7|5|12|2576925|0|Darren Waller|TE|113.2|0|12
78|7|6|6|12483|0|Matthew Stafford|QB|243.1|0|15
79|7|7|11|2577327|0|Tyler Lockett|WR|202.4|0|17
80|7|8|5|3054850|0|Alvin Kamara|RB|233|0|13
81|7|9|9|3121422|0|Terry McLaurin|WR|209.2|0|17
82|7|10|7|3040151|0|George Kittle|TE|203.2|0|16
83|7|11|1|4361579|0|Javonte Williams|RB|179.2|0|16
84|7|12|4|4241985|0|J.K. Dobbins|RB|11.7|183.9|1
85|8|1|4|4360438|0|Brandon Aiyuk|WR|249.2|0|16
86|8|2|1|4259545|0|D'Andre Swift|RB|199.3|0|16
87|8|3|7|4240021|0|Cam Akers|RB|46.7|196.3|7
88|8|4|9|4361529|0|Isiah Pacheco|RB|213.9|0|14
89|8|5|5|4242335|0|Jonathan Taylor|RB|156.4|0|10
90|8|6|11|3895856|0|Christian Kirk|WR|150.3|0|12
91|8|7|6|3116593|0|Dalvin Cook|RB|40.2|155.5|15
92|8|8|12|4035687|0|Michael Pittman Jr.|WR|250.2|0|16
93|8|9|2|3121023|0|Dallas Goedert|TE|136.3|0|14
94|8|10|8|4241463|0|Jerry Jeudy|WR|141.8|0|16
95|8|11|14|4035538|0|David Montgomery|RB|207.2|0|14
96|8|12|13|16731|0|Brandin Cooks|WR|173.2|0|16
97|9|1|13|3128429|0|Courtland Sutton|WR|190.2|0|16
98|9|2|14|4361409|0|Jahan Dotson|WR|124.8|174.4|17
99|9|3|8|4360248|0|Kyle Pitts|TE|137.3|0|17
100|9|4|2|4426354|0|George Pickens|WR|208.8|0|17
101|9|5|12|4430878|0|Jaxon Smith-Njigba|WR|149.8|0|17
102|9|6|6|3051876|0|Evan Engram|TE|230.3|0|17
103|9|7|11|4361411|0|Pat Freiermuth|TE|76.8|148.8|12
104|9|8|5|4241474|0|Brian Robinson Jr.|RB|198.1|0|15
105|9|9|9|4429615|0|Zay Flowers|WR|206.4|0|16
106|9|10|7|4429205|0|Jordan Addison|WR|221.3|0|17
107|9|11|1|4035886|0|Khalil Herbert|RB|112.5|0|12
108|9|12|4|4360294|0|Antonio Gibson|RB|127.4|0|16
109|10|1|4|4036378|0|Jordan Love|QB|319.1|0|17
110|10|2|1|4567156|0|Treylon Burks|WR|39.9|0|11
111|10|3|7|4239934|0|AJ Dillon|RB|117.6|0|15
112|10|4|9|16757|0|Derek Carr|QB|241.1|0|17
113|10|5|5|4372414|0|Elijah Moore|WR|132.1|141.7|17
114|10|6|11|4426875|0|Sam Howell|QB|257.5|0|17
115|10|7|6|4243537|0|Gabe Davis|WR|161.4|0|17
116|10|8|12|16733|0|Odell Beckham Jr.|WR|107.5|151.7|14
117|10|9|2|4240600|0|Kadarius Toney|WR|53|0|13
118|10|10|8|4430191|0|Skyy Moore|WR|53.7|0|14
119|10|11|14|3120348|0|JuJu Smith-Schuster|WR|61|0|11
120|10|12|13|3116389|0|Samaje Perine|RB|121.3|0|17
121|11|1|13|4241464|0|Mac Jones|QB|106.4|0|11
122|11|2|14|2576414|0|Raheem Mostert|RB|267.7|0|15
123|11|3|8|2980453|0|Jamaal Williams|RB|60.8|0|13
124|11|4|2|4040655|0|Darnell Mooney|WR|78.9|0|15
125|11|5|12|16760|0|Jimmy Garoppolo|QB|64.1|0|7
126|11|6|6|-16025|0|49ers D/ST|DEF|136|0|17
127|11|7|11|2976316|0|Michael Thomas|WR|89.8|163.7|10
128|11|8|5|4360939|0|Rashod Bateman|WR|76.5|0|16
129|11|9|9|4258595|0|Cole Kmet|TE|181.1|0|17
130|11|10|7|-16002|0|Bills D/ST|DEF|158|0|17
131|11|11|1|3123076|0|David Njoku|TE|201.2|0|16
132|11|12|4|4429025|0|Quentin Johnston|WR|94|0|17
133|12|1|4|3916433|0|Jakobi Meyers|WR|218.6|0|16
134|12|2|1|14876|0|Ryan Tannehill|QB|80|211.4|10
135|12|3|7|3917232|0|Tyler Bass|K|128|138.8|17
136|12|4|9|-16018|0|Saints D/ST|DEF|129|0|17
137|12|5|5|4685720|0|Bryce Young|QB|156.4|0|16
138|12|6|11|4426385|0|Zach Charbonnet|RB|106.1|0|16
139|12|7|6|3051392|0|Ezekiel Elliott|RB|174.5|128|17
140|12|8|12|16782|0|Jerick McKinnon|RB|84.4|137|12
141|12|9|2|3139925|0|Rashaad Penny|RB|4.8|127.5|3
142|12|10|8|3115394|0|DJ Chark Jr.|WR|115.5|141.2|15
143|12|11|14|2573401|0|Tyler Higbee|TE|108.5|0|15
144|12|12|13|-16023|0|Steelers D/ST|DEF|127|0|17
145|13|1|13|4432577|0|C.J. Stroud|QB|276|0|15
146|13|2|14|4239086|0|Desmond Ridder|QB|177.1|0|16
147|13|3|8|3122976|0|Jeff Wilson Jr.|RB|41.3|0|10
148|13|4|2|4241555|0|Elijah Mitchell|RB|47.5|0|11
149|13|5|12|-16005|0|Browns D/ST|DEF|166|0|17
150|13|6|6|16460|0|Adam Thielen|WR|231|0|17
151|13|7|11|4569987|0|Jaylen Warren|RB|196.4|0|17
152|13|8|5|3059722|0|Zay Jones|WR|78.1|0|9
153|13|9|9|3052587|0|Baker Mayfield|QB|274.1|0|17
154|13|10|7|4373626|0|Tyler Allgeier|RB|137.6|0|17
155|13|11|1|4429160|0|De'Von Achane|RB|190.7|0|11
156|13|12|4|3117256|0|Dalton Schultz|TE|150.5|0|15
157|14|1|4|4371733|0|Kenneth Gainwell|RB|97.4|0|16
158|14|2|1|4430737|0|Kyren Williams|RB|255|0|12
159|14|3|7|4258173|0|Nico Collins|WR|260.4|0|15
160|14|4|9|3916566|0|K.J. Osborn|WR|120|0|16
161|14|5|5|3051926|0|Gus Edwards|RB|187|0|17
162|14|6|11|3917315|0|Kyler Murray|QB|146.4|0|8
163|14|7|6|3045144|0|Tyler Boyd|WR|144.8|150.6|17
164|14|8|12|4372485|0|Rondale Moore|WR|105|0|17
165|14|9|2|3125116|0|D'Onta Foreman|RB|91.2|0|10
166|14|10|8|15835|0|Zach Ertz|TE|51.7|0|7
167|14|11|14|3128390|0|Allen Lazard|WR|60.1|0|14
168|14|12|13|4036348|0|Michael Gallup|WR|87.8|156.6|17
169|15|1|13|4040761|0|Devin Singletary|RB|167.3|0|17
170|15|2|14|4240455|0|Deon Jackson|RB|4|0|4
171|15|3|8|3121410|0|Parris Campbell|WR|30.4|0|12
172|15|4|2|4361432|0|Romeo Doubs|WR|174.4|0|17
173|15|5|12|4360234|0|Evan McPherson|K|135|0|17
174|15|6|6|3051909|0|Daniel Carlson|K|117|140.5|17
175|15|7|11|3925347|0|Damien Harris|RB|19|110.7|6
176|15|8|5|4360635|0|Chigoziem Okonkwo|TE|113.4|0|17
177|15|9|9|3044720|0|Joshua Dobbs|QB|200.7|0|13
178|15|10|7|4426388|0|Jameson Williams|WR|80.3|0|12
179|15|11|1|3049899|0|Younghoe Koo|K|133|134.4|17
180|15|12|4|4242431|0|Ty Chandler|RB|101|0|17
181|16|1|4|4429013|0|Tank Bigsby|RB|22.8|0|17
182|16|2|1|-16006|0|Cowboys D/ST|DEF|172|0|17
183|16|3|7|3135321|0|Hunter Renfrow|WR|48.5|140.2|17
184|16|4|9|4428557|0|Tyjae Spears|RB|153.8|0|17
185|16|5|5|3121427|0|Curtis Samuel|WR|157.2|0|16
186|16|6|11|-16021|0|Eagles D/ST|DEF|80|0|17
187|16|7|6|3051738|0|Marquez Valdes-Scantling|WR|56.5|132.9|16
188|16|8|12|4385690|0|Dalton Kincaid|TE|150.3|0|16
189|16|9|2|4686472|0|Marvin Mims Jr.|WR|70.7|0|16
190|16|10|8|-16015|0|Dolphins D/ST|DEF|139|0|17
191|16|11|14|4428331|0|Rashee Rice|WR|212.5|0|16
192|16|12|13|3929645|0|Juwan Johnson|TE|97.8|0|13
193|17|1|13|3918639|0|Gerald Everett|TE|111.1|0|15
194|17|2|14|4362081|0|Cameron Dicker|K|149|141.1|17
195|17|3|8|12460|0|Graham Gano|K|44|140.2|8
196|17|4|2|-16020|0|Jets D/ST|DEF|159|0|17
197|17|5|12|4426386|0|Roschon Johnson|RB|102.1|0|15
198|17|6|6|4242540|0|Isaiah Hodgins|WR|60|103.8|17
199|17|7|11|4599739|0|Kendre Miller|RB|43.3|0|8
200|17|8|5|-16017|0|Patriots D/ST|DEF|111|0|17
201|17|9|9|14993|0|Greg Zuerlein|K|140|135|16
202|17|10|7|4430027|0|Sam LaPorta|TE|239.3|0|17
203|17|11|1|4426485|0|Jonathan Mingo|WR|84.8|0|15
204|17|12|4|-16033|0|Ravens D/ST|DEF|172|0|17
205|18|1|4|3050478|0|Jake Elliott|K|155|142.4|17
206|18|2|1|4430871|0|Sean Tucker|RB|5.2|0|11
207|18|3|7|4431453|0|Deuce Vaughn|RB|15|0|7
208|18|4|9|3910544|0|Joshua Kelley|RB|61.7|113.2|17
209|18|5|5|3975763|0|Greg Joseph|K|113|135.7|17
210|18|6|11|3124679|0|Jason Sanders|K|142|133.7|17
211|18|7|6|3915486|0|Tyler Conklin|TE|123.1|0|17
212|18|8|12|4372019|0|Jerome Ford|RB|211.2|0|17
213|18|9|2|2473037|0|Jason Myers|K|151|138.2|17
214|18|10|8|4046692|0|Chase Claypool|WR|21.7|130.4|12
215|18|11|14|-16028|0|Commanders D/ST|DEF|30|0|17
216|18|12|13|-16009|0|Packers D/ST|DEF|99|0|17
